stimulus,reason
55,api_or_parse_failure
89,api_or_parse_failure
214,api_or_parse_failure
260,api_or_parse_failure
313,api_or_parse_failure
530,api_or_parse_failure
747,api_or_parse_failure
817,api_or_parse_failure
907,api_or_parse_failure
921,api_or_parse_failure
955,api_or_parse_failure
921,api_or_parse_failure
