stimulus,prompt_tokens,completion_tokens,resolved_model,timestamp
11,1539,510,x-ai/grok-4.5,2026-08-03T15:01:33.820007
24,1539,836,x-ai/grok-4.5,2026-08-03T15:01:56.199972
31,1539,503,x-ai/grok-4.5,2026-08-03T15:02:11.762545
40,1539,642,x-ai/grok-4.5,2026-08-03T15:02:28.058062
55,1539,675,x-ai/grok-4.5,2026-08-03T15:02:44.791623
60,1539,792,x-ai/grok-4.5,2026-08-03T15:03:02.833424
64,1539,737,x-ai/grok-4.5,2026-08-03T15:03:19.725948
67,1539,581,x-ai/grok-4.5,2026-08-03T15:03:34.380438
68,1539,570,x-ai/grok-4.5,2026-08-03T15:03:49.344304
71,1539,544,x-ai/grok-4.5,2026-08-03T15:04:02.039194
77,1539,664,x-ai/grok-4.5,2026-08-03T15:04:17.864001
89,1539,606,x-ai/grok-4.5,2026-08-03T15:04:31.007648
97,1539,640,x-ai/grok-4.5,2026-08-03T15:04:46.148504
102,1539,685,x-ai/grok-4.5,2026-08-03T15:05:02.296019
108,1539,231,x-ai/grok-4.5,2026-08-03T15:05:10.730047
159,1539,669,x-ai/grok-4.5,2026-08-03T15:05:26.649694
175,1539,231,x-ai/grok-4.5,2026-08-03T15:05:35.620710
185,1539,638,x-ai/grok-4.5,2026-08-03T15:05:50.552309
200,1539,737,x-ai/grok-4.5,2026-08-03T15:06:06.641025
210,1539,744,x-ai/grok-4.5,2026-08-03T15:06:21.633795
214,1539,589,x-ai/grok-4.5,2026-08-03T15:06:36.109912
219,1539,801,x-ai/grok-4.5,2026-08-03T15:06:52.896967
238,1539,689,x-ai/grok-4.5,2026-08-03T15:07:10.837506
245,1539,497,x-ai/grok-4.5,2026-08-03T15:07:23.002784
248,1539,649,x-ai/grok-4.5,2026-08-03T15:07:36.963500
260,1539,758,x-ai/grok-4.5,2026-08-03T15:07:52.139501
278,1539,627,x-ai/grok-4.5,2026-08-03T15:08:05.020343
